0.87498944 0.33323498 0.35120925
-0.79891693 -0.50834332 0.32143244
0.7124621 0.69448241 0.10045865
-0.43961831 -0.86544163 0.24030506
0.99370149 -0.050469172 -0.10005106
-0.28524686 -0.70258053 0.65193161
-0.84750675 -0.087901969 0.5234554
-0.52947779 -0.30330288 0.79225036
-0.4747667 0.15641831 0.8661004
-0.78150204 0.4117788 0.46871396
-0.17667739 -0.97538577 -0.13193823
-0.085094295 -0.37627811 0.92259078
0.036414765 -0.92033593 0.38943001
0.37117604 -0.92660813 0.060213982
-0.2135672 0.89978183 0.38050192
-0.41127168 0.60230608 0.6841659
-0.7917479 0.60934458 -0.042830394
-0.066876625 0.38799906 0.91923025
0.16903657 0.76828519 0.61738521
0.55806761 0.47326584 0.68160105
0.33320507 0.143935 0.93180314
0.45275832 -0.73671151 0.50226094
0.40503481 -0.31356791 0.85884921
0.72085305 0.033745803 0.69226591
0.91960354 -0.20026704 0.33796811
