0.74902791 0.29185073 0.59479437
-0.93319449 -0.21875632 0.28512053
-0.87410356 -0.48547149 -0.016136639
-0.60543843 -0.69661815 0.38492528
-0.71527356 -0.3662398 0.59519084
-0.89729529 0.16705239 0.40860086
0.95192307 0.072215772 0.29770347
-0.23438805 -0.87351226 0.42665979
-0.45349197 -0.88933129 -0.058607871
0.4330226 0.69575128 0.57308077
-0.31855424 -0.48174814 0.81635895
-0.68891422 0.018390528 0.72460954
-0.35597892 -0.093028156 0.92985201
0.004263351 -0.70476889 0.70942416
-0.82695048 0.51875046 0.2169121
-0.089390981 0.99569789 0.024391921
0.10110434 0.91450568 0.39173624
-0.55378898 0.69162139 0.46365679
-0.18401904 0.75256365 0.63228549
-0.60130702 0.7985709 0.026727827
-0.33634967 0.39644411 0.85422536
0.30550177 -0.89403249 0.3276806
0.061435512 0.15152952 0.98654168
0.66904418 -0.65656732 0.34828039
0.96136311 -0.26577153 0.071738926
0.34451024 0.4073516 0.84579984
0.15561152 -0.24302027 0.9574582
0.51154245 -0.50841358 0.69270481
0.5124559 -0.054105888 0.8570073
0.78081642 -0.21750773 0.58567578
